[30.473484],25
[43.6737],17
[31.645119],32
[3.0115147],80
[61.42394],75
[24.716928],20
[18.600569],70
[52.512035],68
[17.957312],24
[55.447853],88
[2.684571],9
[19.020302],15
[40.71558],25
[3.1087992],1
[73.9866],49
[42.705986],65
[31.816874],85
[67.73154],70
[0.20372675],2
[21.6944],52
[28.568235],9
[6.8984566],4
[22.798063],39
[2.655905],2
[20.920328],11
[51.715992],39
[28.313623],42
[70.17994],72
[4.2237015],3
[25.232838],28
[16.967012],10
[39.09996],30
[5.719411],1
[45.38733],49
[33.842342],101
[62.20771],18
[15.773534],26
[0.20372675],2
[19.15003],3
[52.341877],28
[16.399286],25
[35.79543],32
[86.04891],82
[15.756136],6
[14.794841],23
[98.895775],70
[23.817705],9
[26.772026],90
[24.004044],26
[78.333954],56
[27.104923],5
[17.927141],18
[66.79979],75
[8.117077],10
[41.17522],22
[48.634926],19
[2.4829428],2
[10.999438],4
[59.104107],63
[26.85388],36
[13.037705],5
[34.19191],18
[23.26311],9
[19.63072],15
[20.592165],9
[28.135872],88
[56.174423],32
[32.318558],10
[21.3856],6
[24.979303],34
[24.743195],50
[12.941175],75
[42.229782],56
[25.289917],30
[60.171036],63
[53.844624],52
[18.472551],18
[1.0189081],1
[27.339947],32
[16.229797],20
[26.462816],33
[27.20261],27
[9.603934],1
[0.20372675],1
[1.9257562],3
[38.211185],60
[61.043617],53
[52.475403],54
[48.3695],52
[15.416286],8
[1.9753414],3
[29.617653],7
[44.44187],9
[7.7932644],15
[2.4775124],5
[39.742508],93
[37.994087],18
[23.52607],58
[89.78599],73
[33.402225],50
[8.868526],7
[35.670177],27
[71.64388],85
[35.982548],29
[11.8086],27
[21.934038],16
[42.91462],70
[39.53929],26
[2.6203542],2
[3.3504403],9
[1.3871605],1
[47.993263],70
[23.723764],18
[4.161704],3
[14.375211],8
[66.39973],71
[29.657022],25
[20.844679],1
[12.870119],38
[2.293121],5
[12.922229],16
[15.560241],23
[57.134743],78
[16.423265],16
[31.670748],21
[45.18002],52
[13.695851],21
[48.967705],8
[25.726883],32
[9.041793],23
[32.683105],59
[19.62003],28
[43.691498],37
[52.809544],52
[45.275272],90
[46.489014],40
[36.365105],54
[17.952652],18
[22.78864],16
[50.946644],5
[11.963211],15
[11.823186],60
[3.455177],8
[55.91201],75
[29.418577],69
[69.73648],85
[14.426444],18
[10.299523],1
[23.485144],35
[36.85398],1
[29.997189],29
[53.58026],56
[29.786509],26
[31.041077],39
[25.097616],4
[0.4331939],1
[42.903183],53
[33.89222],58
[10.576293],47
[46.032967],23
[51.785065],51
[10.849166],2
[7.9265356],12
[68.977234],10
[15.014126],21
[64.19024],18
[38.408478],75
[29.60471],26
[43.404514],8
[36.191246],6
[79.84092],82
[16.191511],10
[97.87701],82
[0.9348285],2
[3.4624457],2
[17.604378],24
[13.079465],21
[48.57061],26
[31.579542],45
[36.53302],40
[8.918925],1
[7.2978],3
[14.35319],25
[20.002522],23
[24.878569],10
[26.224613],10
[34.4013],67
[8.599535],2
[47.309875],56
[47.375557],82
[14.862594],26
[46.65332],76
[65.224556],82
[2.4031293],1
[17.273758],17
[1.9907696],2
[50.936424],43
[50.001865],51
[36.17421],59
[21.254908],35
[37.02733],40
[61.87999],39
[22.58072],34
[18.222727],50
[7.35678],26
[1.017739],2
[40.7222],75
[36.165184],60
[14.874552],6
[19.694435],26
[21.049467],30
[41.74879],45
[12.184945],13
[26.685244],24
[19.068926],56
[33.004707],59
[56.479877],23
[60.12541],79
[82.81968],82
[36.03276],42
[0.39343047],1
[42.500008],22
[13.227902],5
[55.76331],58
[26.47636],25
[91.52543],62
[15.446202],21
[1.3662028],2
[23.607195],16
[36.0442],41
[17.59758],82
[1.041093],4
[6.1048403],8
[19.322319],24
[35.552197],40
[23.749445],12
[0.20372675],1
[16.532745],46
[59.504276],39
[28.846432],27
[22.878107],88
[45.344948],49
[42.940884],60
[65.47849],35
[11.893019],9
[7.613783],11
[22.196787],27
[32.717377],2
[15.694896],14
[11.109475],28
[2.0363796],6
[14.512488],1
[14.855044],18
[15.109525],2
[9.087043],15
[1.9932362],1
[3.9316015],6
[8.062945],23
[13.999092],6
[28.205313],30
[26.301455],27
[14.09749],13
[23.238304],23
[23.49333],3
[57.955],53
[0.20372675],1
[32.27303],27
[18.63048],58
[42.846195],80
[29.661024],23
[27.374128],11
[2.3875172],3
[6.21043],8
[27.209566],18
[16.47317],9
[34.45553],59
[41.14231],66
[47.618484],50
[42.18793],76
[16.237732],13
[44.006676],53
[6.5461216],1
[26.788588],20
[13.906428],27
[48.50844],16
[38.551517],26
[28.001554],47
[80.362656],65
[52.631477],59
[33.62114],41
[36.27135],23
[3.8532555],6
[25.65668],29
[15.844297],15
[49.33322],58
[22.459856],25
[0.20372675],1
[22.390444],6
[35.91587],41
[26.124304],11
[5.3348894],8
[63.24379],51
[50.75512],60
[25.178843],48
[55.32755],60
[49.924408],39
[0.819227],2
[22.258287],18
[52.821274],76
[6.8924456],26
[0.724442],1
[32.753735],60
[11.938503],6
[24.814276],4
[37.7845],23
[19.036716],10
[27.975542],32
[23.360668],56
[16.014652],28
[4.0708985],5
[34.033337],34
[52.142433],26
[21.298552],26
[24.106897],38
[2.0055864],1
[20.297874],16
[25.844416],53
[1.8048749],1
[7.831516],3
[14.909493],15
[24.123505],31
[0.5476275],1
[2.155419],2
[44.100273],69
[81.58418],80
[21.618032],8
[38.6584],19
[44.53193],20
[24.133299],4
[0.389207],2
[32.60582],26
[35.544018],16
[27.479013],19
[20.404501],64
[20.057987],16
[54.081776],50
[64.54743],50
[32.285404],58
[59.741577],68
[32.092712],39
[20.05097],24
[37.28264],50
[57.94784],85
[21.451723],39
[75.28241],52
[51.318672],72
[68.80079],72
[36.627007],38
[10.052779],72
[10.134717],9
[2.1804612],3
[0.33058232],1
[20.332987],8
[0.20372675],3
[1.2692199],1
[1.8395921],3
[43.743736],26
[28.525469],54
[48.555832],27
[29.921007],38
[16.816261],1
[27.366533],17
[17.243315],3
[66.02676],40
[26.387056],35
[32.355476],35
[35.304142],42
[46.05719],30
[82.73873],63
[48.97506],65
[52.29914],29
[42.859276],25
[60.77646],43
[1.428743],2
[42.455494],14
[13.544547],18
[20.947897],75
[51.482616],40
[20.603992],25
[15.075505],11
[62.59047],31
[5.47855],3
[29.856905],90
[13.043728],16
[32.8442],53
[45.165314],47
[18.050573],26
[57.803143],49
[6.481046],2
[33.21662],27
[34.978188],24
[0.45041203],1
[26.43002],56
[64.24094],50
[23.363663],34
[68.37149],20
[26.759386],29
[28.48594],20
[4.1002793],4
[47.927917],86
[13.684127],3
[20.24697],20
[56.44054],75
[36.239723],36
[0.20372675],1
[13.576151],75
[34.11699],42
[11.722804],14
[3.261342],1
[16.711805],62
[22.492193],4
[18.18456],3
[35.15772],38
[40.68667],24
[30.450182],48
[33.054512],56
[22.659435],17
[2.4238133],4
[37.081192],45
[0.22698855],1
[35.571648],53
[24.483252],70
[3.2756839],4
[37.972527],51
[40.5777],47
[63.60382],57
[11.397618],18
[2.6634417],1
[32.910774],5
[16.448036],14
[33.466843],26
[39.55843],65
[14.091121],26
[38.32969],30
[9.348445],14
[24.696693],26
[36.79642],74
[24.768824],54
[14.202464],4
[2.2749677],2
[88.058525],68
[55.774097],42
[0.20372675],2
[19.915228],26
[48.879135],56
[27.635761],23
[16.457546],48
[37.92829],55
[11.9274],21
[32.045406],32
[0.20372675],1
[15.584758],10
[36.03698],75
[22.711136],26
[7.3048673],3
[18.463602],22
[21.141193],8
[41.739655],16
[42.791832],80
[65.63834],68
[15.307832],27
[71.31973],76
[44.551746],77
[15.761214],18
[0.20372675],1
[82.583145],74
[18.450184],12
[54.983322],37
[56.14402],35
[32.55149],53
[0.20372675],1
[2.3271005],1
[17.222658],12
[38.709103],19
[38.93902],54
[19.706583],38
[6.269166],11
[0.56523794],1
[34.431343],53
[44.525425],48
[27.107338],27
[30.393488],54
[69.111725],58
[43.58423],85
[40.377895],67
[3.154471],1
[43.31585],53
[3.0807838],1
[17.953966],26
[45.10379],65
[23.724878],1
[4.0901513],1
[17.816854],29
[21.084284],24
[27.254515],93
[47.963375],60
[75.674614],85
[9.05891],2
[9.801069],7
[56.011936],34
[23.847538],20
[76.35496],52
[21.622747],16
[42.64643],28
[34.39038],4
[1.4444788],7
[36.479355],32
[5.0551577],5
[4.264486],5
[43.1595],88
[31.939638],78
[16.276102],12
[21.517958],30
[26.8595],38
[9.991954],9
[31.936506],15
[14.42629],3
[15.319919],4
[16.5711],18
[9.409294],11
[19.045938],29
[2.9255433],1
[25.98203],4
[17.012486],3
[72.03329],63
[19.367792],52
[11.284475],7
[27.350266],4
[35.138794],60
[13.347934],4
[29.66082],30
[50.214302],39
[3.0105467],2
[22.85834],73
[44.88646],28
[81.63023],54
[49.882164],61
[39.0269],53
[68.0068],59
[4.3252306],1
[15.984595],10
[30.836908],15
[51.5412],25
[25.774294],31
[32.140156],38
[6.621591],4
[86.693375],100
[33.018524],50
[62.839752],66
[3.4640536],3
[65.61997],61
[10.778207],8
[24.842812],24
[17.58499],7
[1.2979851],1
[29.744585],8
[19.969458],72
[57.458717],54
[21.858467],17
[6.541009],1
[3.5833142],2
[41.12001],45
[2.666493],3
[37.780586],8
[53.208405],32
[27.970503],60
[8.386741],18
[10.264302],73
[41.245544],22
[6.9285984],3
[58.197025],65
[81.67562],68
[48.13806],85
[11.162391],14
[22.875195],55
[70.11834],56
[47.876713],53
[7.8333054],1
[3.620053],5
[37.030106],52
[55.341396],46
[15.000829],5
[23.248903],7
[0.96676415],1
[13.742811],5
[20.268805],28
[16.072403],16
[20.737932],22
[87.11621],96
[44.566093],68
[36.658615],28
[19.596638],18
[37.99098],46
[25.029917],4
[12.70073],36
[58.5611],90
[14.055291],32
[15.238532],48
[38.86082],36
[37.37861],15
[10.556711],25
[40.171524],34
[29.872988],33
[7.7569885],18
[37.997074],35
[42.329014],50
[2.5149238],4
[45.680576],34
[26.005054],25
[20.513327],85
[40.039463],32
[32.620426],26
[22.544928],3
[36.86859],68
[11.438407],10
[16.234182],17
[37.83224],90
[52.040333],62
[50.88967],8
[20.021582],1
[13.863225],28
[7.0879307],7
[10.7832985],16
[14.022279],34
[31.536186],30
[1.1481866],5
[19.74307],26
[21.5646],24
[3.3991709],5
[26.553751],27
[25.07424],19
[62.49224],8
[16.325289],18
[20.423193],28
[17.992142],8
[20.425528],34
[22.169712],18
[29.38445],19
[3.4792953],1
[1.0142419],1
[9.513664],5
[11.765801],28
[20.959784],27
[86.79828],75
[21.698458],48
[12.3952465],28
[14.208819],1
[19.225737],6
[34.28148],48
[21.886335],28
[27.92319],49
[13.776721],18
[37.67962],48
[74.17478],80
[1.0249989],2
[70.93636],90
[1.4994937],1
[16.647097],39
[32.600506],34
[42.203014],35
[21.349836],30
[0.20372675],1
[10.536051],3
[18.896528],24
[19.669477],9
[52.600403],66
[53.988583],18
[3.1890495],1
[1.4288542],2
[39.459404],7
[54.587242],56
[0.71170866],2
[24.47212],55
[23.210665],90
[10.025937],3
[39.40166],49
[50.540062],3
[57.14304],43
[11.485832],6
[65.07862],57
[41.367752],30
[19.878862],9
[10.682118],19
[7.740246],5
[57.46242],54
[36.61637],50
[35.52783],35
[36.737915],5
[23.24204],30
[11.348174],4
[68.44873],73
[0.20372675],1
[32.020527],53
[56.641983],54
[11.18862],10
[78.03025],7
[4.6117153],3
[0.5962269],1
[28.759954],10
[86.38109],85
[17.989094],1
[15.08842],10
[12.425239],2
[8.759554],2
[55.96474],45
[16.05842],13
[25.054127],75
[30.379318],3
[11.856397],18
[51.17942],78
[29.547518],72
[29.480291],22
[25.71046],25
[38.12343],49
[27.24058],3
[62.052574],89
[33.0715],7
[33.84915],47
[12.675899],24
[32.20779],90
[29.93051],31
[43.906044],69
[41.47329],59
[47.550858],30
[7.4578366],1
[41.35251],31
[30.772877],7
[20.817934],8
[13.504975],4
[20.334625],6
[20.340528],31
[23.587482],18
[13.564582],11
[18.36405],2
[76.94315],56
[41.877254],77
[24.058222],20
[11.032447],18
[11.543156],4
[15.123078],5
[30.252783],18
[3.7045422],2
[44.92119],24
[38.374172],76
[50.477657],80
[2.3210351],3
[60.348534],33
[40.22152],81
[21.799448],12
[27.569715],28
[31.726397],38
[32.844345],65
[25.441778],17
[2.2832024],2
[4.2369294],5
[24.671856],13
[24.82151],50
[11.954466],8
[27.499868],90
[41.58999],53
[53.23552],65
[32.10775],17
[28.54503],35
[23.167927],29
[48.122498],58
[17.732578],10
[4.9493647],2
[32.540268],29
[10.301868],8
[1.2720413],3
[26.05047],36
[15.524304],14
[70.65993],53
[49.989788],61
[14.705754],8
[23.031134],16
[21.219664],10
[71.60792],76
[28.361237],43
[41.626816],37
[32.353302],10
[32.337296],29
[1.6421819],1
[26.912758],22
[2.6487985],1
[29.268047],47
[27.959702],26
[68.28019],51
[35.110092],47
[24.839468],23
[19.321775],2
[58.24224],60
[41.143017],17
[0.42238837],1
[69.09133],52
[5.1766987],10
[14.245721],1
[8.849475],72
[4.3807564],28
[62.0045],45
[58.36514],53
[24.470158],39
[28.431168],4
[43.566925],61
[48.201706],40
[11.4605],24
[3.8333726],1
[27.491123],30
[10.061397],14
[57.96303],36
[8.052864],4
[4.652331],5
[30.148676],25
[36.555325],18
[23.107924],9
[10.067229],28
[19.945099],4
[0.60638165],3
[44.1612],47
[8.81606],4
[30.527119],30
[25.459074],56
[24.46],26
[32.264538],45
[32.300934],28
[14.061368],22
[73.23265],54
[22.40257],28
[45.497177],64
[7.693221],2
[12.539587],62
[24.756918],21
[2.1034515],1
[23.795963],15
[28.188906],34
[38.675526],32
[0.8798543],2
[10.225269],4
[37.99559],24
[23.741287],17
[40.778397],92
[13.270635],14
[13.581939],20
[9.468768],15
[10.751979],51
[19.067465],18
[31.643003],23
[19.164766],20
[5.5398417],1
[11.345029],10
[21.87396],16
[6.5144825],3
[11.277806],9
[30.828386],52
[14.563382],23
[26.86759],17
[33.64058],35
[3.6873589],27
[48.606087],27
[73.57693],59
[8.785705],31
[42.56745],85
[61.781887],8
[3.9943986],4
[62.350105],1
[18.27482],29
[46.549915],58
[3.2593162],6
[23.309565],5
[34.561897],47
[0.76704115],2
[30.57524],39
[54.025173],54
[2.2561185],2
[30.721657],41
[21.79677],90
[0.45291942],2
[0.20372675],2
[34.07891],28
[9.147662],8
[65.518974],40
[31.227354],24
[65.198494],49
[39.66274],4
[30.692839],45
[15.942611],10
[10.299033],2
[30.698275],17
[34.45832],51
[28.065346],55
[34.52509],23
[19.71087],14
[46.701366],39
[36.252403],63
[29.968016],9
[32.936184],60
[1.4519278],2
[28.077799],10
[0.20372675],1
[14.4311905],55
[3.7408884],1
[23.493246],16
[3.8013697],5
[54.908447],85
[35.12857],52
[14.576659],90
[6.049669],38
[9.680493],14
[1.5698887],4
[49.777817],78
[37.256214],74
[24.014412],39
[38.55189],26
[22.074453],18
[31.597513],28
[63.914055],85
[21.62681],35
[47.718216],75
[47.7235],36
[28.717573],25
[5.589022],1
[38.60459],47
[14.535468],13
[21.845778],20
[0.20372675],1
[28.70693],34
[16.697323],10
[40.75454],26
[12.310008],21
[4.274652],2
[18.231922],8
[21.404799],72
[50.179497],39
[16.476526],15
[35.6078],78
[44.47736],77
[2.6251144],3
[29.822905],18
[29.53789],50
[16.668516],18
[49.711227],79
[49.37047],58
[5.8836346],1
[18.123278],3
[29.312191],23
[58.730957],66
[27.353779],21
[23.699833],75
[33.300034],32
[2.7071505],19
[44.875427],29
[59.101265],57
[60.32485],68
[28.861261],30
[32.651283],38
[4.78085],4
[33.491413],7
[2.1568563],4
[10.179085],5
[3.2928421],1
[5.7478604],16
[19.246923],6
[34.796925],26
[27.066946],27
[3.5165908],6
[33.54116],90
[20.355042],8
[27.76513],8
[42.298164],21
[7.7233157],6
[0.22295302],2
[23.183508],14
[33.21279],27
[24.94417],38
[0.48157668],1
[53.24813],60
[27.055397],17
[14.483382],18
[2.3923094],3
[16.61105],18
[12.46131],5
[11.082911],1
[40.566315],67
[19.35346],18
[12.436574],26
[24.853706],35
[31.116266],10
[21.370775],20
[6.86854],9
[0.7374205],1
[8.360123],19
[45.67962],49
[52.541603],23
[6.046111],9
[30.374128],49
[28.770706],22
[26.372576],45
[28.258818],26
[47.58661],38
[3.6905873],4
[46.04152],30
[27.195545],24
[34.87662],7
[3.119686],3
[26.032396],10
[2.8181548],1
[19.343166],16
[40.599083],28
[1.8204745],2
[30.612692],16
[71.50414],86
[46.724266],50
[28.260464],29
[35.78119],26
[24.025553],59
[24.466263],27
[26.276726],25
[31.953959],49
[15.397996],8
[33.81598],60
[24.212406],55
[35.622368],65
[9.735555],18
[12.532739],22
[2.559814],2
[12.042603],8
[36.79805],12
[13.435948],17
[24.508032],18
[17.228165],22
[19.170734],18
[52.04116],42
[11.507709],26
[0.82850915],1
[3.5544918],4
[44.044357],52
[13.41823],15
[43.86496],47
[15.556963],13
[56.69096],12
[16.119616],18
[29.81927],62
[36.03763],60
[8.168991],8
[10.170983],5
[15.367173],26
[30.615923],10
[61.732925],78
[12.87511],6
[43.642998],74
[0.20372675],1
[13.413259],6
[59.326656],66
[1.2860091],1
[1.6588273],3
[20.209986],18
[2.272559],1
[4.537813],1
[4.0324497],1
[46.871223],55
[15.599482],9
[57.620533],39
[34.85507],20
[60.68797],69
[29.74966],31
[26.501844],19
[60.889595],72
[34.570763],65
[39.172607],37
[37.48258],38
[10.471478],2
[57.305298],59
[41.141205],23
[71.01634],51
[38.719025],24
[15.066943],14
[35.90339],70
[12.287031],12
[30.865215],30
[30.90821],17
[0.6608631],1
[19.808357],4
[31.000175],51
[3.8158236],5
[1.6398011],5
[27.822985],21
[33.698486],39
[13.379304],7
[16.702276],18
[28.22699],16
[0.90545136],1
[26.531973],69
[8.740868],2
[30.880522],50
[25.714617],17
[3.012497],2
[74.87985],67
[8.946036],1
[17.648233],12
[35.23739],46
[43.617203],30
[18.825197],12
[89.44245],75
[11.589263],23
[29.997843],29
[22.01971],8
[21.89014],2
[21.69793],14
[32.501926],29
[2.5117013],1
[0.988119],4
[26.23485],8
[34.397774],16
[50.4869],58
[19.251633],18
[24.652195],31
[16.874977],21
[6.392263],8
[23.678614],36
[73.52522],71
[60.10856],80
[34.059727],30
[2.9356854],4
[13.036489],32
[23.239971],57
[52.709347],56
[38.120224],16
[21.956657],4
[74.45028],72
[13.054566],26
[14.785403],70
[4.0971007],1
[27.491014],37
[45.27324],12
[42.87388],4
[10.507684],1
[10.668691],1
[12.620643],1
[33.992397],17
[33.739143],22
[26.311785],36
[46.141785],66
[29.378187],22
[16.897268],88
[0.20372675],1
[14.830545],8
[1.6187845],1
[31.607084],15
[18.674734],12
[36.37383],28
[28.374172],8
[22.993923],43
[25.513132],9
[31.23794],58
[16.96491],4
[35.808533],43
[100.44289],96
[13.003917],15
[27.509949],42
[61.39739],34
[1.0934695],2
[34.246582],29
[40.064857],7
[35.637074],42
[29.387638],18
[6.415207],11
[15.45829],8
[17.687155],30
[14.363819],34
[12.516517],17
[57.360428],39
[16.459063],8
[25.678623],62
[21.827969],56
[17.67516],17
[63.83793],65
[3.614562],4
[19.720589],53
[41.103424],27
[45.31675],50
[1.5538431],1
[0.62089366],1
[18.245369],22
[2.8502324],1
[19.32421],9
[40.66646],56
[51.64654],36
[2.6245635],5
[76.08567],90
[37.533897],79
[85.469406],85
[30.943834],49
[12.802786],9
[68.52554],67
[8.915919],26
[30.726019],56
[26.661055],10
[73.52522],75
[28.888857],65
[52.841885],72
[79.23936],60
[23.321604],27
[28.570536],17
[23.7475],34
[0.52080095],1
[30.70832],85
[19.999128],18
[56.338383],75
[24.52231],21
[1.5222408],2
[68.102585],85
[35.29438],57
[30.484762],56
[25.661188],29
[16.024744],65
[28.454035],30
[8.096516],10
[66.26515],82
[21.673622],3
[2.4627109],1
[39.400154],65
[1.8107315],1
[34.38079],54
[0.91751987],1
[24.399597],57
[37.59651],40
[27.214235],49
[53.49108],85
[66.60317],85
[24.073565],5
[0.77938914],1
[36.572014],90
[9.111698],52
[46.656418],18
[23.175425],45
[29.013844],46
[19.001682],26
[52.359463],69
[6.0213776],7
[3.3181818],4
[11.9288435],8
[39.32183],68
[36.737183],34
[12.781203],13
[37.450607],52
[7.1153297],13
[32.17794],26
[33.020905],16
[8.113527],8
[14.994393],2
[41.16822],30
[24.485868],56
[11.7971525],10
[12.334035],8
[47.961037],61
[25.607286],43
[6.4741],11
[21.08484],20
[31.814753],8
[17.424223],8
[25.24055],22
[43.18603],25
[27.184437],1
[0.20372675],1
[9.610278],9
[31.727076],29
[30.053196],66
[34.260353],60
[59.20811],40
[46.288067],12
[9.797921],16
[46.676514],52
[13.112647],2
[17.5997],18
[2.900563],4
[14.586135],18
[41.352505],57
[9.498705],18
[31.913065],26
[44.617275],52
[20.379866],19
[60.66958],66
[20.086767],39
[29.264482],12
[11.820593],28
[29.717997],24
[20.67693],70
[21.04602],10
[11.816263],16
[56.377502],45
[34.218933],36
[71.71023],26
[16.216808],12
[38.716774],53
[22.078226],36
[17.248507],18
[12.066027],2
[20.25323],36
[37.86189],71
[14.155963],12
[51.458122],53
[73.551704],89
[23.535364],49
[9.167485],16
[22.931864],20
[17.807526],18
[55.4086],38
[33.398346],29
[56.59789],62
[18.701868],32
[23.281889],35
[2.6070952],1
[18.855818],89
[9.789198],73
[32.69476],63
[5.6037126],2
[12.283477],8
[11.851499],1
[37.998856],38
[58.317413],63
[0.4511407],1
[36.540405],29
[13.522052],35
[13.597063],29
[0.20372675],1
[27.649622],10
[0.20372675],1
[13.954831],16
[0.20372675],1
[0.57163286],1
[48.01362],45
[19.413813],25
[20.164335],18
[16.99309],12
[48.480278],68
[1.2916493],2
[2.8619213],1
[34.98221],26
[12.9877825],25
[59.24995],56
[22.168554],26
[17.31251],52
[40.506363],79
[1.0084287],1
[0.20372675],1
[57.955235],75
[12.989529],12
[38.562897],84
[50.259163],37
[43.23784],61
[32.832695],85
[100.53022],68
[33.929832],77
[25.02189],41
[2.4687696],4
[3.3185775],3
[10.922355],5
[49.714745],69
[19.097872],96
[17.472502],22
[27.604204],33
[48.24421],9
[58.122295],43
[14.530145],45
[24.032127],15
[44.933285],57
[23.868544],21
[37.1391],17
[2.29103],3
[8.399142],1
[0.20372675],3
[19.521105],43
[9.570747],3
[40.988537],17
[57.605625],55
[37.62725],85
[0.20372675],1
[40.136383],24
[21.705198],14
[0.88853854],1
[2.193977],3
[25.78401],25
[28.536234],15
[6.828221],8
[51.691067],62
[24.256138],8
[15.540664],32
[17.975113],16
[25.19597],29
[20.015167],1
[4.812989],21
[41.67437],3
[0.6817096],1
[27.315332],29
[8.513509],1
[6.5649657],2
[18.665121],52
[29.303425],82
[55.22963],68
[85.24305],81
[3.5363407],1
[7.605315],9
[25.03946],29
[24.329824],23
[73.778],79
[17.50186],50
[13.523774],18
[28.56359],30
[58.47467],67
[22.766788],2
[28.314169],23
[37.576366],33
[0.20372675],2
[16.958591],49
[33.745064],58
[0.20372675],7
[22.723915],36
[17.8383],13
[20.700342],4
[64.51745],85
[52.65815],60
[25.449072],14
[12.969731],12
[34.157516],21
[23.721415],21
[36.988415],14
[14.612374],18
[29.871714],24
[68.1529],60
[22.791842],5
[21.956182],67
[13.680209],12
[15.467668],54
[50.521416],28
[23.530998],56
[1.961628],1
[60.440163],50
[32.28192],1
[4.1125393],1
[23.038218],27
[1.3193755],5
[27.727987],37
[36.160297],24
[15.499385],27
[16.13819],7
[0.53722095],2
[56.03711],78
[18.334318],17
[21.474218],13
[15.359888],18
[3.626523],4
[3.4505243],1
[22.213247],1
[19.600817],26
[29.373562],17
[0.20372675],1
[25.921625],46
[28.539679],26
[4.2831883],2
[7.223613],1
[33.913086],51
[55.632034],65
[21.848108],26
[22.620287],46
[58.97159],68
[17.256128],17
[28.608435],31
[13.5527315],8
[24.092093],68
[19.48599],50
[49.385063],42
[18.597546],11
[16.459389],8
[27.686323],48
[10.612382],13
[32.502243],5
[0.3029108],1
[0.20372675],1
[0.4591474],3
[12.131559],3
[4.4520764],2
[17.36125],29
[22.871561],16
[45.382454],35
[12.51299],7
[25.324514],40
[46.011944],22
[15.274113],8
[6.4942026],3
[29.677309],53
[25.909992],54
[14.711294],85
[23.607668],18
[0.4406116],1
[40.449173],65
[0.53792405],2
[1.8991078],1
[10.519257],36
[39.87573],25
[19.985844],14
[46.77708],49
[27.53618],42
[0.20372675],1
[38.93908],36
[4.968379],1
[17.492373],54
[63.24379],49
[4.5397906],5
[17.141573],16
[37.66964],20
[34.69655],75
[26.84981],13
[26.30704],4
[3.4244633],1
[26.056162],18
[39.97232],58
[56.177628],96
[0.20372675],1
[82.708534],65
[0.24301375],3
[52.455376],36
[12.831656],2
[55.008087],61
[88.71814],58
[24.78371],6
[21.62085],1
[29.028234],39
[14.983165],16
[36.32201],24
[15.431115],22
[40.590668],30
[49.53962],56
[7.975786],3
[44.18686],57
[18.700193],4
[53.754204],72
[50.81411],24
[1.5387727],2
[6.0112886],1
[54.847904],55
[28.13804],35
[39.883244],53
[48.08081],64
[42.47757],35
[17.73327],16
[31.896053],32
[16.106684],24
[26.399267],24
[59.10235],65
[41.058212],34
[4.0793304],5
[70.49003],76
[15.287155],18
[51.651306],63
[27.292118],21
[1.7457883],1
[1.4232262],1
[36.36705],36
[48.2606],56
[40.82065],34
[41.273895],70
[35.086227],3
[88.981895],55
[47.343548],58
[19.786388],16
[36.054916],46
[26.341166],49
[31.580984],49
[20.930552],20
[23.530863],24
[6.3419843],4
[10.793172],8
[15.234015],1
[31.427233],68
[49.572235],57
[74.83054],72
[12.853848],5
[9.318469],3
[2.333102],4
[5.933224],2
[1.548914],9
[3.326857],3
[59.14205],18
[40.09169],32
[56.96808],66
[23.144724],7
[48.80278],70
[15.639896],1
[23.395445],16
[17.212572],1
[59.588684],39
[34.367435],58
[12.825978],16
[34.54028],42
[33.75347],49
[51.47147],46
[0.20372675],1
[73.74965],58
[33.52819],89
[20.112608],9
[50.572826],85
[22.651999],26
[44.53002],58
[58.486603],52
[64.36307],26
[18.24509],77
[24.914886],60
[37.35351],21
[31.108778],31
[33.349354],19
[0.20372675],1
[37.054985],28
[34.13883],3
[11.955837],16
[44.039352],59
[41.913853],30
[50.716232],82
[40.876602],77
[17.010702],16
[25.546795],60
[34.22268],40
[19.612692],12
[34.426968],54
[44.41749],40
[0.20372675],1
[50.050533],58
[13.237762],4
[2.1712763],1
[4.018641],1
[5.7403226],14
[17.742859],24
[72.80824],66
[34.1229],46
[47.715366],29
[17.332552],49
[0.20372675],1
[37.64908],35
[0.20372675],1
[24.817492],26
[51.32119],9
[6.102001],3
[47.772675],62
[21.015848],25
[1.1024953],1
[4.95191],5
[44.833855],1
[38.753334],24
[14.433978],21
[24.937353],16
[34.503933],28
[1.8211071],1
[28.376915],52
[23.40109],72
[22.0147],26
[4.1034455],2
[8.077935],9
[62.385483],70
[25.196321],27
[61.820526],85
[28.599943],22
[33.545105],4
[19.176956],62
[40.812134],49
[14.634837],56
[15.014126],21
[40.80784],22
[22.938704],10
[56.097214],27
[8.295995],8
[31.274717],62
[33.270226],17
[37.107086],26
[39.31845],42
[12.131644],14
[29.442284],15
[2.287049],6
[33.438744],53
[15.232702],10
[26.731335],25
[17.942316],26
[4.9898853],3
[9.114208],7
[11.638158],6
[6.140368],10
[32.82198],36
[41.754772],58
[12.955278],18
[13.1572485],12
[50.270958],90
[0.20372675],1
[16.387768],7
[2.1562335],6
[20.882318],13
[22.75395],22
[2.8494482],4
[34.370674],13
[2.7337894],1
[13.166316],14
[21.799608],54
[29.631098],27
[26.930979],29
[2.237468],3
[0.20372675],1
[54.592445],30
[17.260536],24
[28.208536],17
[37.930473],39
[0.20372675],1
[48.494495],28
[41.66624],55
[33.906708],7
[38.09181],24
[8.674899],8
[25.220814],75
[61.109947],58
[2.8265817],7
[26.444197],53
[7.924749],53
[34.31082],24
[76.104195],89
[40.531597],39
[7.5891604],3
[0.33235848],1
[52.6339],58
[1.1981348],1
[39.513783],57
[2.0956385],9
[0.2084664],3
[1.0056142],1
[30.942444],13
[0.20372675],1
[38.07837],65
[22.365774],40
[8.968433],4
[0.6235306],1
[23.65727],2
[20.35626],61
[23.92523],37
[18.785393],14
[33.79844],8
[76.749504],66
[72.447556],72
[74.9109],85
[16.997183],2
[28.016361],26
[106.17665],85
[10.384066],53
[45.79364],82
[70.86367],90
[16.067472],30
[32.194046],13
[76.59546],84
[23.733221],33
[27.100895],18
[17.629251],4
[28.624962],20
[44.985794],10
[5.757418],1
[64.778206],66
[8.623889],15
[31.144152],37
[46.94141],35
[43.160072],20
[5.42237],1
[33.69089],69
[28.584187],31
[8.786001],2
[3.1402884],2
[34.347794],9
[18.528997],11
[14.704562],2
[36.786316],6
[25.694221],27
[36.909225],42
[45.60598],58
[48.36111],16
[24.918703],34
[44.378036],90
[4.3884463],2
[6.0940723],90
[53.216656],51
[0.5796047],2
[23.684793],28
[27.58541],18
[1.5451564],1
[47.77376],10
[42.03702],45
[0.20372675],1
[25.137772],27
[49.309742],55
[1.3109293],3
[105.08251],75
[5.387839],53
[20.335938],5
[51.01888],85
[31.40827],30
[0.40895808],2
[22.980757],33
[28.536367],27
[55.7835],60
[31.034716],1
[7.5218577],1
[30.48601],4
[3.414555],10
[18.299982],16
[84.45879],89
[54.917572],47
[22.84556],27
[17.529943],1
[30.49381],10
[37.35055],11
[14.216928],7
[49.71089],32
[0.20372675],1
[26.560995],8
[109.622314],85
[54.385426],61
[14.894581],18
[36.06849],26
[62.992115],85
[46.385513],52
[36.801704],56
[19.202],15
[53.505238],53
[18.838251],5
[0.20372675],1
[46.550457],61
[4.073912],3
[0.49248338],1
[31.531065],14
[66.40035],90
[8.236506],61
[45.29709],18
[4.017977],1
[46.69636],57
[16.391058],36
[24.972477],39
[1.168926],4
[36.078056],33
[8.614306],21
[12.423074],15
[29.907446],18
[24.072603],34
[58.81581],68
[41.397583],47
[28.66642],25
[69.590965],73
[23.69054],46
[20.674454],23
[50.27536],76
[49.616127],90
[3.3908887],3
[1.3099535],3
[45.201576],39
[1.1143386],1
[17.114862],22
[2.9152982],7
[52.32023],68
[46.131557],60
[2.6481166],12
[36.909157],39
[42.664024],30
[29.913828],51
[37.039818],42
[33.31668],50
[45.012497],4
[37.424545],28
[0.20372675],1
[41.318],37
[13.082112],5
[32.78583],36
[93.269005],80
[24.431284],39
[66.7783],47
[48.96993],53
[60.305084],72
[49.825134],64
[7.361345],5
[8.992513],16
[35.983902],1
[41.23046],36
[12.404755],8
[16.121223],4
[32.185337],26
[12.554452],2
[1.742805],1
[1.6402032],3
[49.062737],65
[28.965868],26
[55.755646],60
[1.389449],3
[57.012287],56
[2.311851],1
[60.96432],54
[44.330856],52
[21.762625],36
[25.226995],26
[19.484283],13
[0.20372675],1
[28.521809],14
[49.219063],53
[50.771095],42
[71.887634],70
[20.7661],53
[5.4875875],1
[43.30717],50
[45.16044],53
[26.251776],28
[45.91417],32
[6.8157825],10
[70.18133],86
[28.074144],31
[52.00688],52
[28.704588],90
[0.20372675],1
[42.88036],56
[16.1838],12
[34.162003],29
[76.70661],52
[39.919792],56
[39.943108],35
[56.811295],5
[0.20372675],1
[46.848335],52
[42.647076],8
[5.846064],9
[35.697006],54
[54.24286],80
[16.464666],85
[50.089676],50
[21.36708],25
[39.954716],53
[36.10505],32
[28.32353],19
[24.929073],3
[32.68414],30
[16.150114],15
[35.557922],23
[0.20372675],1
[30.532396],1
[66.49467],75
[58.274544],61
[57.265236],44
[24.713318],80
[24.276548],28
[44.00698],25
[12.7534275],7
[69.18136],62
[22.063171],39
[56.510063],49
[28.334232],60
[31.874256],8
[8.09435],2
[29.230555],53
[53.416542],62
[14.119224],8
[35.795303],80
[57.563564],18
[24.97323],85
[28.07238],28
[11.268149],13
[72.22125],62
[2.5446284],9
[30.756048],34
[18.847591],1
[37.744453],30
[53.493942],85
[19.486631],25
[35.595608],18
[2.9637866],1
[21.996809],23
[39.266376],19
[12.39343],4
[14.927574],4
[23.851843],16
[21.46874],30
[0.20372675],1
[62.622444],52
[37.155533],36
[18.554708],29
[1.2264391],1
[1.3109382],3
[6.2789464],1
[28.325945],2
[37.209145],3
[17.267462],9
[30.275053],35
[1.3155391],1
[26.501657],52
[1.5339227],1
[22.179758],16
[24.55008],18
[46.597717],57
[2.343176],7
[6.6653175],3
[12.381078],9
[31.313507],48
[24.669884],56
[8.225357],4
[44.075775],53
[23.19216],63
[21.964796],14
[61.043617],55
[11.884927],2
[40.97218],62
[81.46902],86
[33.596317],68
[20.79164],25
[0.48802108],1
[77.08647],65
[51.88041],71
[18.435394],24
[47.471577],39
[28.848188],40
[35.87814],33
[25.523891],20
[11.313336],24
[69.820854],50
[23.983393],51
[39.39418],35
[23.561659],42
[62.98227],42
[26.653368],46
[4.1466994],3
[12.053952],3
[7.882395],12
[44.04805],54
[30.004711],22
[2.361068],1
[32.712177],24
[53.33155],35
[10.047573],1
[45.596485],29
[53.47159],61
[26.519636],26
[4.75798],3
[6.0045595],2
[7.0688744],2
[22.579771],21
[0.20372675],5
[86.19862],85
[32.17293],75
[1.173213],2
[37.257835],46
[29.332575],18
[7.5446644],3
[30.595127],8
[40.795925],43
[35.005272],18
[34.015358],9
[63.61678],64
[2.946772],2
[22.202463],53
[9.251064],13
[0.28390032],1
[24.19678],23
[13.5688925],25
[18.98082],16
[26.065819],17
[8.818765],18
[12.589198],29
[1.6416059],2
[29.592724],22
[12.840869],2
[0.20372675],1
[25.652822],14
[21.419569],16
[35.374466],25
[18.355171],2
[1.8766919],1
[24.259005],4
[61.13121],59
[25.814974],60
[8.572453],12
[6.8544993],52
[34.661633],72
[2.569426],2
[24.638414],44
[69.820625],54
[42.12217],35
[36.547096],47
[7.4659038],11
[0.20999168],2
[1.728679],1
[30.289743],70
[36.055798],68
[45.383884],29
[86.83186],58
[11.414098],12
[14.523723],4
[28.59131],24
[28.17038],24
[23.324028],25
[28.624714],20
[30.635149],68
[31.229792],59
[22.632345],54
[28.281471],39
[6.7128344],26
[37.78875],17
[29.486929],29
[14.569331],2
[11.487924],5
[19.276854],18
[9.411071],4
[20.454123],49
[12.667054],8
[34.25883],40
[45.06967],64
[16.162699],22
[1.889904],5
[45.972393],60
[43.71154],80
[26.32673],29
[10.669847],15
[42.27925],92
[5.1048975],3
[38.819115],34
[59.082703],67
[2.1911473],2
[7.3989954],16
[40.118813],35
[28.345839],21
[18.08626],18
[42.59243],80
[44.713196],57
[24.830011],47
[22.028528],21
[19.237589],27
[21.98454],30
[3.2866166],2
[6.332231],1
[49.156853],56
[34.29889],45
[18.995188],18
[47.629738],56
[38.977966],39
[24.483255],24
[37.97287],46
[44.68135],3
[45.013557],66
[62.30716],72
[25.811508],14
[9.829789],7
[15.254796],15
[18.948986],21
[29.621284],9
[9.206421],4
[11.538726],22
[18.815763],16
[41.777695],85
[5.276619],2
[16.10892],6
[8.135536],4
[26.146338],24
[10.731576],26
[10.932988],5
[21.211782],26
[13.604079],26
[9.344054],5
[97.48988],53
[7.4243994],1
[12.231684],28
[59.38751],90
[51.187134],35
[43.47989],70
[8.651778],11
[16.888784],18
[93.83155],89
[17.080822],16
[1.8480971],1
[28.417421],4
[34.034157],65
[20.466665],55
[13.92961],40
[14.556552],26
[21.28066],21
[7.5087757],1
[42.502213],60
[13.001423],45
[15.864997],2
[45.690834],50
[28.593475],35
[15.774131],18
[89.6149],88
[45.66403],12
[21.983994],76
[14.474516],18
[98.84878],71
[28.149702],35
[0.20372675],1
[77.06373],85
[35.018337],61
[85.52885],82
[36.47646],36
[53.07904],59
[33.054253],16
[45.74282],25
[8.59933],1
[24.986984],21
[44.66091],63
[31.343298],27
[40.918324],38
[32.50499],43
[10.956664],16
[45.052536],65
[29.322388],85
[17.725592],52
[14.909476],14
[46.231377],60
[22.4223],51
[15.690077],4
[26.225374],21
[12.731751],8
[21.546385],24
[7.5407934],14
[60.40232],2
[5.043229],3
[2.6205323],1
[0.20372675],1
[31.652105],34
[0.20372675],2
[2.9511428],3
