[19.545786],10
[39.03994],10
[16.828947],2
[36.39589],83
[7.597231],3
[17.174376],1
[39.910988],35
[29.315699],50
[12.211328],36
[32.943077],8
[74.09138],59
[11.74458],1
[52.33914],85
[68.15164],64
[35.150826],42
[24.44956],1
[28.797302],1
[4.777286],1
[2.744701],8
[11.839346],8
[5.8343506],7
[21.68833],71
[30.610968],53
[25.70064],22
[23.509773],70
[15.9512205],8
[53.614918],64
[29.367537],1
[29.551104],42
[27.029108],39
[12.21547],1
[34.18508],76
[5.834823],1
[51.45787],10
[37.779747],80
[27.46675],20
[26.757254],47
[14.890019],16
[31.948393],23
[42.56618],50
[48.57709],59
[27.024717],7
[36.997475],1
[0.06379566],5
[89.20205],85
[52.37094],93
[21.660551],32
[46.9242],72
[59.578766],71
[23.739634],26
[13.253441],1
[0.06379566],2
[42.64572],26
[91.58315],66
[20.430035],75
[19.517168],18
[51.90847],44
[55.742233],37
[2.14182],1
[23.059828],24
[19.766638],19
[9.674579],48
[46.536396],2
[20.868723],85
[4.0816116],1
[4.396609],1
[7.939038],1
[10.1430855],1
[7.326373],10
[37.10825],73
[75.38341],51
[3.1694918],1
[4.940829],7
[22.196264],35
[12.893568],20
[16.14174],82
[18.439083],51
[69.15111],80
[2.9960492],1
[44.621925],53
[37.43668],12
[33.11583],70
[17.908682],2
[36.619347],7
[49.65626],38
[28.887304],27
[6.1154165],26
[33.86447],1
[23.93775],9
[5.8735466],4
[29.546473],20
[43.265396],61
[44.04242],35
[10.90293],20
[90.680984],90
[0.5622927],7
[10.136079],2
[48.753155],26
[53.126137],58
[8.542532],38
[0.504413],22
[32.060764],15
[33.361797],75
[6.633497],24
[32.070473],17
[20.16687],7
[30.705263],14
[59.98444],30
[55.62269],53
[28.738153],57
[25.102505],47
[35.780674],24
[18.607742],24
[41.621902],9
[1.1070478],5
[0.06379566],1
[43.075356],1
[9.524323],2
[52.70023],28
[15.45871],85
[26.030016],18
[39.196156],29
[19.323643],4
[7.30777],3
[50.48845],79
[39.912777],2
[28.156534],35
[26.473906],16
[2.985762],5
[64.47184],85
[3.5589612],1
[37.419804],14
[20.006823],7
[46.64547],3
[23.75104],15
[16.047411],1
[40.835247],29
[45.55362],21
[44.44509],14
[87.73476],76
[99.27941],71
[33.408432],90
[54.272247],39
[13.975061],6
[39.678272],28
[83.206955],56
[2.2061276],11
[41.923336],15
[7.963954],24
[34.638428],61
[26.409815],58
[14.375296],8
[58.829613],63
[32.18988],2
[78.823746],54
[46.773216],29
[11.960244],14
[20.299398],1
[22.133791],1
[26.955301],10
[23.82959],49
[40.27494],29
[5.072117],5
[35.943237],59
[18.495794],1
[7.998483],9
[72.74017],26
[38.88902],37
[18.942358],5
[59.57251],38
[44.617863],69
[50.121193],45
[34.719467],23
[6.779748],1
[30.949694],52
[25.103079],13
[15.417439],14
[23.246294],26
[35.650223],14
[49.338852],18
[33.24163],1
[16.63967],54
[0.06379566],2
[1.4833463],1
[21.599516],56
[17.18912],16
[24.867603],26
[33.567497],39
[7.467764],3
[34.015038],39
[32.137096],40
[19.823536],29
[55.289852],49
[58.026474],55
[4.763072],1
[29.738367],27
[20.240358],8
[12.214871],1
[22.37061],76
[2.4810107],1
[14.566096],4
[14.623366],1
[46.48664],45
[44.881958],48
[25.509249],10
[36.02882],9
[29.034178],73
[18.102648],68
[55.153732],61
[57.389282],85
[26.77666],35
[20.219193],39
[69.118324],43
[16.64977],23
[8.50396],12
[24.700426],16
[2.4433],8
[43.85869],5
[23.977953],76
[49.993214],40
[11.763289],20
[24.517267],25
[19.924583],26
[41.93748],23
[17.051476],29
[50.026306],37
[44.45661],80
[71.076614],49
[55.319977],25
[22.127863],37
[13.438312],1
[76.27296],73
[42.600525],59
[12.390679],1
[86.37914],62
[10.572243],13
[76.80566],36
[46.806835],3
[31.608337],1
[51.98633],39
[24.902462],11
[62.21534],1
[46.1771],77
[23.956375],57
[30.871916],1
[14.935501],4
[40.445503],85
[41.24021],39
[25.735443],68
[57.79769],66
[30.824968],35
[13.364099],22
[11.585725],1
[31.751945],30
[17.428627],35
[22.913391],15
[37.288338],65
[18.477123],1
[16.941977],1
[29.197441],24
[15.045148],34
[36.203648],34
[66.167175],56
[29.805513],14
[57.788372],65
[90.49312],82
[17.21172],29
[40.08486],30
[34.23362],69
[31.697075],39
[22.171518],10
[21.311779],10
[39.509117],27
[2.6599052],1
[37.323242],51
[25.119444],38
[12.51418],2
[28.577463],40
[3.8353314],7
[19.578484],18
[20.175554],2
[28.98821],30
[7.183233],4
[15.99685],1
[13.890121],15
[52.62319],45
[26.478445],24
[32.343147],40
[43.151623],56
[24.309755],65
[43.549698],26
[33.40576],1
[42.093296],2
[17.24044],12
[15.989478],1
[35.84508],36
[66.32774],6
[9.07036],1
[33.013523],30
[1.0466272],1
[44.99684],61
[16.309826],18
[14.466236],2
[37.397186],74
[6.8167663],52
[24.230082],29
[21.139532],65
[9.565646],8
[15.976267],31
[16.19167],22
[2.8929799],2
[55.739536],56
[19.11158],12
[6.550654],1
[32.769806],31
[39.169693],29
[19.605036],2
[28.215378],4
[38.71496],49
[63.127213],61
[38.603188],18
[15.945733],1
[13.328839],9
[8.812617],7
[61.2854],48
[64.89957],55
[31.844889],10
[25.435572],1
[61.15894],67
[43.13282],75
[20.537447],1
[61.66455],88
[52.046623],46
[25.71787],3
[28.48959],56
[51.777412],65
[0.36830541],7
[8.104519],4
[67.409546],22
[14.272233],2
[15.7458725],2
[25.46095],36
[9.4248705],14
[21.26577],24
[15.589336],1
[61.245785],46
[1.8271707],1
[0.15922542],26
[4.3953676],1
[54.282497],59
[13.071521],73
[33.025673],63
[24.7634],21
[38.68482],4
[55.353928],45
[12.947581],1
[45.61256],16
[0.9768257],2
[10.778817],14
[34.81576],31
[30.26986],43
[37.28564],75
[11.033359],22
[10.700589],1
[11.811745],2
[28.864965],1
[22.406107],3
[38.313797],47
[26.223532],52
[38.623238],27
[8.368808],1
[54.62434],62
[41.433384],4
[22.676008],1
[53.93479],99
[7.842053],1
[4.180285],1
[20.54577],1
[68.69414],18
[23.117388],27
[30.571444],26
[33.309925],9
[39.612144],49
[21.30723],2
[18.970098],15
[15.8377495],11
[6.8881507],2
[32.660877],21
[3.1778448],1
[22.2707],25
[21.576988],10
[27.986708],1
[31.956432],5
[2.8691492],2
[14.545854],59
[16.875328],1
[52.059593],39
[15.713587],25
[37.519806],60
[17.823263],1
[42.11003],46
[69.12591],58
[38.36511],31
[8.383292],2
[19.22384],1
[27.585588],4
[15.333407],18
[30.540758],2
[92.72248],72
[36.7193],62
[50.058556],54
[14.764896],17
[8.481176],17
[28.096813],31
[6.459106],2
[72.950424],72
[7.3560452],10
[14.4018545],11
[32.753876],27
[9.748976],26
[4.6701674],21
[34.164246],10
[16.961586],25
[21.906881],51
[20.812788],66
[43.49195],52
[5.280507],1
[15.409256],85
[4.1427407],5
[40.34762],34
[25.44093],62
[37.406464],3
[3.6275234],1
[11.754626],6
[17.990551],1
[30.478996],14
[35.567917],38
[27.14563],18
[10.663995],28
[15.247385],12
[57.996292],29
[31.760168],92
[20.636715],1
[10.963112],65
[38.814507],62
[42.49102],30
[55.75078],50
[39.92926],36
[23.987816],28
[28.403433],8
[14.150528],1
[54.199547],14
[35.557518],89
[13.705208],28
[21.02611],29
[28.975475],43
[20.531734],24
[8.034229],14
[36.833694],34
[32.37197],47
[16.22296],4
[14.388821],5
[0.2510793],65
[31.550756],21
[21.785397],79
[42.578545],54
[0.06379566],1
[28.38613],28
[15.1968565],9
[62.030846],57
[27.416042],42
[57.76798],37
[0.35064688],1
[72.19073],59
[54.264954],74
[46.499485],75
[64.73986],53
[21.621855],24
[12.510646],71
[29.98704],27
[46.755642],26
[14.38138],1
[42.064903],39
[0.14895624],1
[28.378956],4
[20.80558],60
[17.752478],10
[4.7550993],1
[48.3704],53
[14.476001],52
[26.452654],6
[3.4381552],1
[4.66911],8
[19.793036],75
[20.095713],15
[37.225365],21
[5.471951],8
[92.8531],63
[19.681952],48
[7.0588326],1
[67.39152],31
[49.816875],36
[4.3280044],8
[11.048177],4
[26.773834],52
[3.359021],1
[6.3132296],3
[27.180002],29
[68.07746],4
[38.390884],57
[36.955463],32
[14.156496],12
[48.55612],17
[4.346884],28
[39.474503],39
[38.790466],65
[15.003861],66
[77.180275],7
[61.96415],36
[7.599396],22
[60.002747],68
[11.714008],6
[40.517815],43
[23.68043],24
[45.472145],38
[19.77786],9
[24.679895],22
[14.856612],1
[31.706581],27
[53.5086],24
[7.0789866],1
[8.55981],1
[21.543978],80
[89.26511],54
[23.58645],6
[3.6006293],1
[25.126448],20
[22.972918],53
[13.880723],15
[20.822065],28
[25.171392],16
[31.592875],34
[5.095342],2
[23.204473],31
[23.970366],26
[21.08382],3
[34.610622],30
[24.294584],4
[30.990076],4
[14.205682],13
[34.28177],86
[26.66971],22
[29.700218],16
[19.39494],2
[41.694324],56
[54.197445],58
[33.311413],53
[20.375933],20
[59.451332],49
[16.817194],4
[15.591405],55
[48.283302],36
[41.73123],45
[40.688004],60
[31.146927],15
[14.01413],21
[20.164476],17
[11.251874],1
[55.37569],21
[73.560555],78
[4.1925035],1
[6.2071304],10
[14.834163],3
[13.070824],4
[28.87156],37
[25.460564],3
[28.551786],32
[76.141556],75
[13.576073],32
[8.317917],1
[9.178635],28
[10.79453],18
[38.708817],41
[63.58541],1
[24.485573],35
[43.0547],54
[26.58925],46
[38.447105],9
[6.945391],5
[38.43417],2
[4.0269523],2
[35.892582],30
[17.8235],3
[14.821279],1
[16.506882],5
[56.372578],35
[23.547274],85
[48.13676],60
[12.518549],8
[56.633743],40
[64.55215],33
[1.7283913],1
[7.666372],3
[27.85973],28
[6.2351637],1
[17.485907],31
[0.06379566],1
[10.966063],5
[3.869255],1
[3.206263],3
[9.654802],2
[15.229961],8
[25.233107],35
[27.891638],39
[6.1194024],1
[42.04521],29
[83.78515],54
[32.86383],35
[41.021957],65
[55.219234],72
[8.02541],55
[1.2587906],1
[22.333523],45
[37.529934],80
[34.661453],52
[15.710433],1
[35.51733],52
[37.73921],32
[34.781242],72
[22.55997],32
[33.569702],17
[29.743612],9
[48.285828],39
[16.497114],18
[2.652352],17
[10.526452],1
[18.845919],24
[16.924582],30
[42.204514],72
[59.633904],17
[33.085976],37
[41.86773],33
[7.5960107],3
[59.479866],37
[13.72962],57
[30.84367],25
[34.84869],1
[28.160084],1
[15.100568],1
[38.50101],54
[30.755167],93
[41.304276],23
[45.791332],50
[15.561633],18
[1.9371558],5
[48.405884],11
[18.381126],16
[5.6873407],1
[34.14865],14
[16.350483],6
[42.0462],16
[14.7021265],5
[11.737996],1
[35.623383],2
[12.617132],3
[13.591928],39
[37.245678],2
[54.187233],85
[34.92103],12
[68.80085],71
[39.343872],8
[28.81275],65
[39.87004],12
[49.442814],47
[44.16209],26
[24.840199],1
[28.58337],49
[17.591587],76
[49.966675],25
[1.3735716],60
[18.32756],4
[74.46516],55
[45.223297],52
[8.245179],1
[13.907111],25
[22.896555],7
[32.785313],18
[23.1616],9
[40.61862],29
[19.161844],4
[42.041058],64
[40.84082],53
[43.627373],45
[38.57094],59
[16.626043],2
[13.121238],3
[30.566408],1
[36.99546],39
[17.169024],15
[19.416025],25
[11.343672],2
[53.026855],35
[23.290773],57
[5.8492103],1
[26.176334],75
[40.77591],26
[31.754374],24
[44.27133],56
[10.663756],86
[2.4011672],90
[27.539497],1
[27.906235],68
[28.761553],26
[88.02136],68
[0.06379566],22
[19.010386],50
[18.591005],7
[45.35468],24
[26.102205],17
[16.237991],8
[51.5098],8
[31.604425],45
[22.3439],6
[13.375363],1
[41.636017],56
[32.769173],29
[14.364272],10
[63.742214],65
[5.4647393],26
[42.41008],9
[40.661255],28
[26.83095],56
[38.426697],29
[27.371628],56
[53.068787],85
[55.497],16
[9.60881],4
[11.966652],29
[41.90486],67
[28.335367],36
[34.324436],25
[30.434183],20
[40.535904],18
[6.9285417],1
[2.27754],5
[64.55644],85
[14.362161],2
[30.765621],46
[19.538635],50
[17.294498],78
[8.233757],7
[12.481922],2
[18.944323],3
[86.511505],66
[26.323572],5
[25.964197],31
[27.150719],51
[17.091738],6
[16.771158],2
[57.613644],90
[12.527243],8
[8.121774],1
[1.6267588],1
[9.727109],21
[11.199058],24
[44.29397],86
[30.422455],96
[59.96315],41
[9.385014],18
[38.601326],8
[42.69613],33
[15.692325],45
[12.767971],17
[22.236017],50
[12.28152],7
[30.733404],22
[13.611559],27
[14.503458],12
[16.884193],16
[39.299103],17
[35.029457],23
[16.189892],24
[61.032364],40
[28.621544],4
[73.513885],56
[44.547104],49
[23.738321],14
[46.930836],80
[25.783415],25
[29.650343],33
[42.639687],49
[31.734594],43
[51.531387],58
[17.50268],27
[12.990465],19
[29.096874],35
[32.78262],3
[25.548662],18
[10.959971],24
[43.586567],25
[21.22365],16
[19.206001],2
[14.962571],66
[32.699146],58
[20.113214],3
[47.95112],1
[24.428152],1
[35.504913],1
[2.0325456],3
[42.511982],15
[31.109325],50
[6.868529],1
[19.748213],19
[13.215624],26
[23.859653],27
[11.406302],1
[44.559128],38
[6.4914584],1
[38.80063],29
[4.7613215],47
[69.684105],90
[7.5494566],1
[13.274666],1
[33.31982],56
[36.17283],70
[5.216585],1
[36.672104],52
[33.279705],59
[34.778145],31
[45.13386],2
[22.404696],2
[31.890537],29
[14.225831],38
[41.261456],31
[20.839945],15
[5.167438],1
[41.362022],35
[20.0595],11
[13.305804],1
[24.899988],4
[37.469612],59
[25.367111],8
[26.613583],55
[41.642357],31
[7.626348],32
[0.06379566],1
[26.476854],5
[6.428935],41
[74.83267],62
[9.631784],20
[4.0135565],9
[5.6538424],1
[46.012463],53
[6.1215816],2
[49.782608],25
[49.19523],60
[21.415783],25
[20.448277],22
[20.890888],39
[49.635468],34
[47.836716],4
[12.183425],1
[21.949936],32
[6.2891536],1
[63.441406],80
[39.934883],28
[43.72051],65
[56.5813],40
[31.934587],1
[59.6634],64
[47.217804],70
[86.20308],85
[26.510128],8
[14.0479765],9
[33.430836],8
[35.8433],9
[13.773214],42
[26.852777],40
[21.31675],16
[50.992367],35
[1.8818706],4
[23.162409],1
[30.63254],17
[19.381716],1
[29.172613],12
[15.336785],1
[9.758166],1
[28.865366],60
[32.410206],57
[42.817375],9
[5.880345],12
[52.935677],88
[32.9929],6
[18.853367],23
[15.742922],24
[35.329216],2
[19.411934],17
[24.289423],30
[23.333204],24
[6.2524495],11
[28.321291],12
[46.681225],14
[94.4324],65
[30.73934],65
[19.135027],1
[12.176229],46
[31.92996],18
[47.09522],52
[31.209215],3
[30.978151],27
[15.473489],1
[45.370106],60
[30.589218],36
[20.031906],4
[39.384327],30
[89.182846],88
[34.113373],16
[3.1863594],1
[33.43096],26
[9.118585],1
[31.47776],14
[5.9612465],3
[42.665012],31
[31.092121],75
[35.26803],62
[48.129486],19
[8.198369],17
[41.956596],76
[12.9353],26
[8.36554],12
[5.1995516],1
[27.454397],26
[47.80181],56
[14.058618],56
[13.102094],24
[62.27942],72
[13.831587],19
[40.37654],33
[9.77282],12
[50.000324],3
[43.42794],72
[18.52116],28
[84.38486],92
[19.446978],23
[12.116733],2
[9.218905],7
[1.1535007],3
[19.035692],1
[59.80181],62
[18.227709],5
[78.52746],69
[53.68149],67
[13.361167],2
[35.849594],2
[26.185179],37
[81.45057],75
[74.47251],62
[27.823202],3
[44.909447],36
[40.441242],1
[13.9751215],7
[5.6917095],1
[20.793926],50
[55.45952],46
[56.070923],31
[17.65293],21
[82.391716],73
[20.955961],80
[50.93815],41
[22.559208],14
[54.51451],26
[12.257797],51
[20.206205],48
[4.678339],49
[20.604845],5
[19.118511],1
[34.70789],60
[22.98649],96
[32.51164],25
[40.9703],26
[16.936426],2
[20.92921],5
[24.014585],1
[10.13947],10
[9.411148],10
[30.696428],2
[18.669722],37
[45.895317],54
[21.590876],25
[33.654186],28
[35.35278],29
[16.90495],28
[0.44041213],7
[71.34495],56
[62.5756],16
[7.172458],1
[16.628857],2
[19.022121],86
[5.7086544],1
[55.30898],77
[23.65454],49
[14.797814],32
[7.2793117],1
[60.559574],10
[9.31022],2
[28.666155],44
[34.28527],18
[73.07863],70
[13.656551],26
[3.8108974],1
[35.023994],86
[35.349945],28
[28.324242],28
[48.222977],48
[13.353229],60
[23.849432],22
[14.215325],14
[34.35731],37
[20.457874],36
[77.75915],20
[3.3221989],12
[56.46482],57
[60.598076],80
[18.267506],85
[5.6634974],20
[0.39766124],1
[46.522217],39
[57.366013],58
[24.235708],49
[34.80352],32
[10.149937],17
[35.595867],30
[13.811252],32
[15.006512],2
[11.793779],3
[9.187027],39
[11.982919],20
[1.7718769],1
[26.803946],48
[24.158047],53
[36.041843],26
[47.84745],42
[33.38761],81
[40.828934],17
[53.796074],52
[20.823103],22
[12.745276],22
[16.399837],1
[11.662756],1
[27.299124],88
[67.37933],68
[3.7499],4
[19.506409],36
[38.500698],2
[70.212685],15
[28.578886],55
[7.364032],3
[2.4442005],1
[54.17939],53
[30.937832],3
[22.002434],1
[78.088776],85
[2.1522412],2
[6.0577703],1
[60.572563],35
[26.963493],9
[51.35089],32
[14.075128],16
[9.809849],1
[13.70604],1
[28.530935],40
[4.821501],35
[15.1968565],11
[64.58272],39
[52.46234],30
[11.684188],10
[23.416132],62
[9.817565],2
[18.660803],25
[31.104017],5
[32.000404],32
[43.518993],80
[12.794936],26
[42.51203],63
[24.837103],24
[29.836733],37
[51.92165],22
[72.69732],70
[0.06379566],1
[2.0623362],3
[9.6409],1
[3.263311],1
[21.225481],99
[18.539213],2
[13.421373],1
[28.210001],59
[11.590109],13
[12.479173],18
[44.044395],35
[18.44817],8
[14.73824],27
[14.276277],8
[3.8201935],16
[38.10501],18
[41.35001],51
[16.818497],1
[23.428432],16
[39.921158],69
[29.69138],32
[31.936573],56
[51.8581],54
[58.801884],41
[63.714783],48
[21.129513],21
[37.822117],85
[2.5892103],3
[6.265368],3
[20.558264],44
[29.842302],9
[14.023825],24
[6.3144803],7
[27.28052],50
[30.057983],26
[23.052725],8
[20.487177],16
[12.98301],8
[56.651695],76
[47.123623],57
[27.756067],29
[17.816393],85
[18.570126],34
[25.538649],24
[15.169487],43
[43.085144],65
[31.993887],5
[11.686635],7
[48.133472],40
[6.9580235],2
[36.7193],65
[32.750225],60
[36.193474],51
[32.214622],14
[0.19794017],1
[21.890411],13
[9.264719],16
[21.728971],2
[30.508066],78
[75.61818],64
[2.9455423],1
[13.345548],39
[60.880287],60
[32.559223],70
[51.781803],48
[16.457876],10
[79.76339],2
[14.5301],26
[52.51144],22
[24.606419],15
[0.06379566],1
[36.36586],22
[23.936974],31
[41.666428],56
[5.1942835],4
[2.5015998],1
[17.45566],8
[24.957651],39
[5.383404],1
[35.021564],17
[15.427944],60
[60.335735],67
[45.76217],4
[58.19526],38
[86.38222],38
[21.611906],24
[26.937044],1
[26.832916],11
[1.427715],3
[37.58338],38
[5.643415],1
[4.1915045],3
[21.889864],8
[30.122524],61
[20.807829],53
[32.56627],51
[8.311465],5
[23.298594],35
[76.648346],65
[43.42061],17
[39.973446],23
[43.15566],39
[44.945488],52
[49.678963],45
[41.320114],37
[7.688435],2
[18.574144],15
[31.713655],53
[60.38574],53
[51.379433],2
[34.83256],4
[9.956218],4
[30.759768],32
[27.672068],50
[24.410898],3
[34.06938],58
[8.384128],10
[54.268646],53
[24.243906],1
[33.763023],2
[25.839825],60
[18.774529],42
[56.412224],82
[11.947196],6
[70.04138],60
[51.632637],2
[18.650122],65
[8.032423],9
[35.516758],2
[5.866389],1
[62.149258],40
[23.843796],12
[13.753176],22
[18.211502],2
[20.17895],70
[27.276342],16
[20.371798],2
[47.093315],49
[55.724155],58
[74.79307],57
[19.610434],4
[31.023748],92
[58.859177],90
[32.831417],78
[32.019558],36
[27.32308],88
[21.69442],56
[22.539244],16
[19.780867],26
[53.350323],55
[13.406575],32
[32.662945],2
[22.221615],22
[41.217144],28
[32.759106],3
[78.0624],85
[37.549637],5
[19.048744],14
[36.360054],34
[53.407192],73
[16.862808],3
[30.679052],12
[4.25029],1
[23.957832],1
[4.971889],3
[40.49148],32
[35.553658],28
[48.819427],61
[21.42278],30
[9.050345],8
[67.15822],36
[16.747437],6
[8.51],1
[17.92832],12
[14.851516],37
[68.3779],84
[33.297962],47
[39.827526],53
[49.64827],34
[31.39668],33
[15.689339],16
[25.930712],51
[13.569815],1
[5.338789],2
[3.615861],9
[21.227144],89
[2.4711876],1
[19.935211],42
[9.646493],2
[5.0338545],1
[7.1781754],6
[58.411983],56
[18.994844],1
[0.51473975],9
[60.74051],46
[34.735237],29
[17.368172],35
[16.775244],12
[6.298839],3
[30.743105],19
[46.32426],1
[65.98108],51
[25.12905],27
[7.4319024],24
[31.757412],58
[33.198605],75
[31.494713],50
[45.428967],51
[9.088708],1
[66.32774],5
[37.300934],61
[57.598454],80
[37.804306],48
[8.209783],3
[2.6023223],14
[40.032707],34
[72.54213],50
[5.74782],3
[20.061935],49
[42.678307],40
[0.06379566],1
[2.9519043],6
[11.383865],2
[20.771353],8
[61.502174],3
[32.215714],1
[67.35631],44
[23.362436],16
[34.505104],12
[3.5130925],1
[19.887938],17
[23.91379],12
[39.18272],19
[24.453192],1
[26.264017],56
[68.58853],66
[19.387232],8
[16.004244],36
[41.042107],40
[26.01265],42
[19.300804],26
[31.393452],42
[34.004627],21
[7.7197633],5
[51.157677],41
[14.891207],8
[31.593515],9
[41.17283],63
[14.165059],62
[31.720411],14
[11.231535],11
[29.132462],39
[13.568121],56
[59.125134],9
[46.69085],41
[0.33413422],1
[22.494047],27
[14.141432],2
[42.290718],73
[10.151507],1
[39.366768],28
[56.82567],23
[46.4551],58
[12.18479],80
[34.005188],31
[44.737404],24
[34.725517],44
[26.603941],10
[19.993425],76
[18.90727],1
[32.878258],33
[3.0857677],1
[29.107845],1
[57.404785],72
[5.0387235],25
[73.08177],24
[18.36818],18
[32.904537],3
[24.707617],53
[68.64807],61
[68.09236],60
[30.451357],26
[20.09878],5
[43.859116],58
[41.742867],29
[62.86969],82
[96.914795],51
[36.544365],24
[50.179344],15
[4.301658],1
[40.80124],90
[36.710106],1
[2.715726],1
[11.896591],16
[34.964058],6
[29.87796],7
[6.1399817],6
[40.617188],75
[33.00271],24
[71.36623],55
[36.811066],12
[64.24249],75
[28.606447],35
[58.086357],75
[55.687813],61
[38.894474],75
[56.48778],61
[31.398521],35
[42.356632],47
[49.61307],68
[12.791259],3
[42.115486],56
[38.990604],38
[57.61087],38
[19.772957],26
[46.634506],39
[90.61793],49
[63.62888],58
[22.736496],53
[10.730719],3
[18.580982],3
[39.307247],24
[34.914665],32
[12.573195],72
[2.28556],7
[14.294757],14
[46.44024],66
[15.806497],8
[9.344827],3
[120.1696],7
[82.52846],3
[28.925047],17
[14.461186],50
[21.322233],1
[31.557398],57
[42.8655],36
[38.92265],17
[13.385154],5
[12.519423],26
[13.784415],1
[17.598045],16
[17.15861],85
[10.740935],1
[45.393356],4
[21.613846],6
[29.583668],26
[58.808937],16
[49.61963],1
[86.58405],85
[100.14597],72
[16.936733],56
[64.54349],60
[37.515354],34
[71.92533],66
[98.38402],76
[37.571526],38
[25.959713],15
[15.381874],1
[33.48473],22
[59.751305],48
[31.462881],6
[13.014928],62
[26.00575],22
[119.54395],71
[26.572647],53
[13.144254],50
[24.874973],36
[16.166601],12
[35.559624],2
[31.053713],2
[33.453217],27
[30.711056],32
[1.9605701],85
[46.692505],25
[75.06049],53
[105.22174],84
[17.241745],76
[0.98150134],26
[14.288605],42
[15.815452],25
[34.579006],1
[45.19221],37
[17.717333],2
[63.98137],54
[16.12349],53
[2.7881193],1
[44.924942],85
[46.08223],26
[69.142784],95
[24.25109],29
[9.6216],2
[16.757153],5
[8.610572],1
[42.764595],5
[13.513357],18
[7.611262],1
[76.16162],1
[2.401594],1
[31.20127],30
[20.287031],53
[0.79358757],1
[22.51909],42
[50.282604],41
[25.260885],14
[53.65803],53
[0.54090345],1
[41.790623],9
[33.367897],9
[35.077732],18
[2.5509071],60
[45.192627],39
[60.303253],67
[53.496346],49
[48.859203],9
[12.230216],27
[76.719635],75
[6.5610538],1
[60.386673],10
[1.1065172],7
[11.592309],2
[27.21803],37
[0.06379566],65
[37.7789],20
[17.553028],20
[60.737457],56
[1.4194413],1
[0.06379566],11
[22.08636],31
[11.301034],5
[9.751374],25
[27.700798],41
[56.306236],44
[5.519404],1
[0.06379566],1
[36.953762],42
[75.886246],68
[26.8517],1
[8.258922],8
[23.124413],19
[25.641241],23
[68.838036],68
[32.770233],68
[14.75191],56
[28.505268],24
[35.21872],25
[28.820847],26
[51.393726],14
[31.694159],26
[68.78891],49
[2.2074685],59
[12.900147],36
[36.310715],46
[26.873446],51
[43.22872],34
[18.002556],1
[34.222424],65
[19.488493],35
[55.834076],58
[17.686663],38
[56.907806],39
[8.098165],1
[22.679823],79
[6.591373],1
[25.27919],53
[43.255447],86
[44.22313],34
[1.0548699],1
[10.595328],16
[7.351717],76
[53.70367],80
[34.30091],15
[6.4182634],2
[68.152016],76
[2.3309848],1
[40.096474],44
[32.334534],85
[28.845324],70
[8.578774],24
[37.88805],43
[5.3443656],2
[10.112533],21
[56.6304],30
[44.392525],51
[31.948393],21
[80.08414],65
[5.2572455],5
[41.521996],23
[66.309296],52
[3.0598993],70
[22.178152],5
[2.3947995],1
[16.37269],4
[12.421514],2
[11.173862],10
[8.633788],28
[38.617958],27
[30.401197],50
[11.207802],1
[42.306046],24
[14.555289],18
[25.758772],36
[2.7832434],4
[32.540966],46
[35.894814],52
[13.676275],10
[19.279821],18
[28.496805],41
[19.130259],3
[16.977777],10
[9.600107],17
[9.13846],1
[19.352358],47
[27.93138],48
[43.866554],66
[6.6468353],1
[39.302853],43
[50.515106],59
[42.92305],16
[46.830658],78
[26.010786],64
[29.826902],26
[50.711533],53
[59.128487],54
[15.455871],63
[52.54257],30
[0.06379566],1
[21.395018],5
[12.918511],34
[37.82233],27
[31.100351],82
[53.373253],60
[38.912384],68
[22.904871],26
[27.278841],16
[20.654625],1
[47.939384],26
[14.323676],48
[28.865234],25
[10.1200285],12
[50.311096],9
[22.000977],72
[17.38303],14
[15.798725],4
[23.286531],8
[37.44251],45
[31.299171],28
[29.254395],64
[8.73583],1
[12.767665],28
[12.977616],8
[12.092935],8
[27.900581],49
[7.4700456],7
[0.06379566],1
[34.67767],50
[22.850283],75
[49.82216],92
[34.1067],45
[52.535492],60
[13.871814],42
[87.00334],80
[45.54417],45
[28.48869],11
[34.259457],14
[58.134674],89
[28.992073],9
[0.98409367],12
[17.238276],9
[14.686717],16
[7.587591],18
[5.104595],3
[32.99374],54
[9.343467],4
[17.300972],3
[31.96757],2
[5.2512817],1
[26.500957],14
[24.553366],2
[22.265894],1
[36.81733],18
[5.1826715],1
[8.812253],10
[28.575697],14
[33.648285],16
[48.76613],47
[13.004619],7
[34.120323],27
[19.498146],22
[55.607872],40
[8.987361],25
[7.419444],1
[3.0339818],7
[28.358496],30
[57.30147],16
[25.393702],61
[21.359116],21
[27.516024],50
[25.564478],26
[0.06379566],9
[38.793903],24
[39.519352],39
[41.92903],60
[12.541205],28
[30.074179],2
[27.068754],30
[65.59204],72
[47.314472],52
[29.913622],19
[37.927433],16
[18.268028],5
[10.082902],1
[9.560534],3
[22.688585],25
[59.336678],85
[29.631754],22
[12.766608],16
[29.899893],53
[13.00905],16
[20.629856],16
[80.0947],13
[28.901844],82
[4.43865],1
[16.070324],5
[13.379032],53
[25.96242],16
[22.35886],16
[19.772985],1
[7.6473136],3
[44.43464],7
[43.997234],5
[50.679283],60
[23.592632],66
[11.765831],2
[30.84948],77
[16.311537],9
[72.90687],35
[25.93122],1
[18.921185],35
[6.566458],3
[35.714756],47
[29.97849],39
[34.50403],65
[14.160234],27
[54.95071],36
[49.23791],5
[27.039133],35
[56.0903],85
[11.1297655],46
[8.405561],1
[35.176575],12
[18.917263],1
[28.270895],73
[16.066067],26
[14.627844],37
[32.448772],46
[41.907093],59
[4.6022925],2
[28.75265],42
[39.839233],27
[27.761507],9
[61.686405],68
[4.354087],2
[32.291977],60
[19.628958],49
[47.476227],33
[50.46274],50
[20.901024],21
[20.197687],4
[5.878313],29
[62.369217],90
[12.431208],7
[7.5538692],8
[5.2619934],2
[43.8463],18
[21.817097],17
[7.009029],1
[9.857168],18
[36.21057],6
[41.8529],65
[59.38465],85
[70.98259],9
[29.467768],89
[69.92455],58
[14.494635],2
[60.809258],75
[17.094202],36
[0.97735965],3
[10.854501],15
[4.9354157],1
[12.860986],1
[55.107384],22
[68.554886],82
[9.492282],1
[36.280666],60
[15.739626],37
[45.447517],45
[8.917857],14
[28.069805],39
[20.865837],23
[30.406881],66
[49.11717],7
[20.102324],50
[39.847786],24
[76.30188],80
[66.55975],57
[69.52211],10
[49.2109],1
[26.922777],27
[8.0448065],1
[65.61957],55
[29.581766],39
[24.193766],35
[37.67585],6
[17.984852],1
[51.300083],1
[46.203568],21
[40.5939],16
[33.99772],20
[24.622238],15
[34.800602],8
[46.36675],72
[59.554054],15
[16.747679],23
[41.79393],63
[5.0706816],27
[39.89211],36
[49.99691],28
[11.382482],15
[7.868537],1
[30.699024],58
[3.327347],2
[61.349575],40
[1.9777613],10
[12.646546],14
[15.592496],52
[9.530928],2
[25.490852],11
[29.791748],14
[22.833551],30
[27.419016],3
[7.406338],52
[5.548365],56
[16.756197],30
[28.57084],62
[15.082504],16
[38.162365],2
[53.74063],26
[8.956337],14
[36.174744],9
[67.70322],29
[28.33887],7
[11.191029],4
[31.24194],29
[57.60812],12
[30.139364],54
[16.13906],29
[32.521027],64
[18.062124],6
[31.721731],7
[9.982984],3
[6.3751407],2
[15.074239],5
[12.122319],56
[29.75334],22
[2.6654148],5
[0.06379566],1
[41.95726],59
[19.530043],9
[8.857134],14
[25.906965],71
[41.03545],72
[30.496584],45
[34.45302],26
[19.207497],14
[16.353443],41
[9.325319],14
[26.837807],9
[52.964794],38
[2.3955605],1
[43.55037],33
[34.645615],32
[3.9062417],3
[31.666265],61
[29.652344],1
[26.809095],7
[44.574013],53
[34.530968],13
[58.84556],32
[30.122],47
[37.463013],42
[44.29294],28
[22.796204],16
[0.5805712],1
[25.654528],5
[57.5589],52
[40.099487],58
[23.01224],26
[16.61136],56
[26.106125],62
[21.92737],59
[41.81035],19
[4.7917333],4
[40.002388],2
[29.14824],23
[27.167889],43
[4.2032404],8
[9.018776],5
[32.26712],5
[12.080626],65
[40.62681],15
[11.755947],8
[11.29805],23
[11.637646],42
[12.054134],5
[38.987347],48
[35.047504],46
[19.794626],4
[2.6256752],57
[18.009586],13
[19.406672],15
[5.642575],2
[22.59116],45
[34.447723],34
[11.601653],75
[41.949127],24
[33.837677],16
[17.24447],70
[82.95984],58
[18.000212],2
[49.59956],65
[4.5256815],1
[34.428246],4
[28.47906],31
[43.228634],75
[79.00768],79
[24.020277],1
[17.011961],1
[28.374422],72
[13.229682],10
[12.993231],14
[22.283926],50
[37.7336],75
[1.3704467],1
[86.76224],83
[14.338792],10
[22.756334],22
[33.457047],45
[24.31927],31
[49.6933],53
[7.591157],4
[26.275642],46
[32.85295],69
[5.982324],6
[30.38782],28
[65.13581],12
[11.303041],7
[30.459183],2
[28.90909],52
[43.320225],78
[7.8251095],55
[51.821404],40
[18.860605],24
[5.4874454],1
[21.732832],39
[6.1484],1
[9.062932],1
[50.33787],28
[39.97324],38
[10.384413],10
[50.37098],33
[20.213161],24
[24.179907],1
[10.801277],12
[38.940468],16
[43.60513],70
[9.315122],23
[12.622245],26
[44.48009],48
[13.081409],10
[58.023605],3
[49.80364],66
[64.39417],35
[43.73524],58
[14.413388],8
[72.105415],85
[86.097466],85
[49.438545],50
[22.661598],49
[10.513205],10
[22.313215],38
[64.48711],60
[26.908142],25
[20.544603],85
[14.506888],1
[12.731321],61
[38.498466],80
[41.872307],60
[4.0019426],4
[71.322136],38
[19.965784],30
[25.946363],2
[13.013556],2
[99.31812],65
[6.69601],1
[11.420859],72
[30.799217],45
[6.402498],26
[12.393555],15
[53.53055],34
[38.55049],47
[39.69545],62
[21.563398],37
[44.484314],1
[83.059875],16
[9.9343815],2
[43.29213],79
[28.545866],13
[49.056084],27
[45.42486],11
[62.220066],68
[9.314466],8
[35.887688],44
[35.918777],14
[25.578032],38
[26.589886],18
[56.58336],90
[21.228834],10
[13.709226],5
[15.566275],1
[35.010925],38
[50.745026],28
[6.799954],1
[19.611284],18
[5.3476834],20
[39.085583],47
[15.887587],16
[27.39351],26
[17.489132],3
[22.552916],36
[3.0889606],54
